10
1
2
3 0 2 1 0 -1
4 0 1 1 0 2
haar_x2
-2.664876e-04 0 -1
-6.685749e-01 3.082042e-01 
1
2
0 2 20 15 0 -1
5 2 10 15 0 2
haar_x4
-1.943643e-01 0 -1
6.391585e-01 -2.438713e-01 
1
2
0 8 20 5 0 -1
5 8 10 5 0 2
haar_x4
1.091237e-01 0 -1
-1.408121e-01 8.589553e-01 
1
2
19 14 1 3 0 -1
19 15 1 1 0 3
haar_y3
-2.369513e-03 0 -1
-4.838394e-01 1.315450e-01 
1
2
0 17 1 3 0 -1
0 18 1 1 0 3
haar_y3
-9.063350e-04 0 -1
-5.869684e-01 2.325968e-01 
1
2
13 7 4 12 0 -1
13 13 4 6 0 2
haar_y2
3.835186e-03 0 -1
1.737309e-01 -2.118783e-01 
1
2
3 7 4 12 0 -1
3 13 4 6 0 2
haar_y2
-7.153428e-02 0 -1
6.153621e-01 -2.236720e-01 
1
2
9 14 10 6 0 -1
9 14 5 6 0 2
haar_x2
3.964367e-02 0 -1
-8.665074e-02 3.885493e-01 
1
2
1 14 10 6 0 -1
6 14 5 6 0 2
haar_x2
-1.836089e-02 0 -1
4.696015e-01 -3.943047e-01 
1
2
4 4 16 15 0 -1
4 4 8 15 0 2
haar_x2
-1.801915e-01 0 -1
2.172429e-01 -1.500581e-01 
-8.917741e-01

12
-1
