9
1
2
0 0 20 16 0 -1
0 8 20 8 0 2
haar_y2
2.726535e-01 0 -1
2.073875e-01 -6.891809e-01 
1
2
8 5 4 1 0 -1
9 5 2 1 0 2
haar_x4
-3.353853e-03 0 -1
8.552713e-01 -1.782493e-01 
1
2
6 6 3 3 0 -1
7 6 1 3 0 3
haar_x3
2.492556e-03 0 -1
-2.032830e-01 5.424391e-01 
1
2
18 0 2 2 0 -1
18 0 1 2 0 2
haar_x2
1.370596e-03 0 -1
9.675495e-02 -7.443790e-01 
1
2
8 5 3 7 0 -1
9 5 1 7 0 3
haar_x3
3.286004e-03 0 -1
-2.888591e-01 5.086775e-01 
1
2
14 0 6 3 0 -1
14 0 3 3 0 2
haar_x2
7.135983e-03 0 -1
9.160074e-02 -4.936857e-01 
1
2
8 5 4 7 0 -1
9 5 2 7 0 2
haar_x4
-7.117053e-03 0 -1
5.767810e-01 -2.275854e-01 
1
2
14 0 6 3 0 -1
14 0 3 3 0 2
haar_x2
-3.914897e-03 0 -1
-1.252909e-01 9.422789e-02 
1
2
1 0 6 1 0 -1
4 0 3 1 0 2
haar_x2
2.445697e-03 0 -1
1.939021e-01 -7.412628e-01 
-5.844687e-01

9
-1
