13
1
2
9 6 8 6 0 -1
7 8 8 2 0 3
tilted_haar_y3
2.375158e-02 0 -1
-3.121819e-01 4.845162e-01 
1
2
9 14 8 3 0 -1
9 15 8 1 0 3
haar_y3
4.782597e-03 0 -1
-9.595983e-02 3.841685e-01 
1
2
1 13 17 3 0 -1
1 14 17 1 0 3
haar_y3
6.712272e-03 0 -1
-2.608035e-01 6.009144e-01 
1
2
12 0 8 13 0 -1
12 0 4 13 0 2
haar_x2
1.156406e-04 0 -1
1.490777e-01 -2.449649e-01 
1
2
7 7 3 3 0 -1
8 8 1 1 0 9
haar_point
6.277976e-03 0 -1
-2.250339e-01 5.663978e-01 
1
2
12 0 8 13 0 -1
12 0 4 13 0 2
haar_x2
-1.182479e-01 0 -1
-5.372431e-01 7.024986e-02 
1
2
0 0 8 13 0 -1
4 0 4 13 0 2
haar_x2
-3.120374e-02 0 -1
4.016677e-01 -4.089837e-01 
1
2
13 6 2 12 0 -1
13 6 2 6 0 2
tilted_haar_x2
-1.013379e-01 0 -1
4.934513e-01 -4.227960e-02 
1
2
8 10 4 4 0 -1
8 11 4 2 0 2
haar_y4
3.233197e-03 0 -1
-2.982555e-01 4.928308e-01 
1
2
13 6 2 12 0 -1
13 6 2 6 0 2
tilted_haar_x2
8.833751e-02 0 -1
-7.355251e-02 2.959367e-01 
1
2
8 11 6 3 0 -1
7 12 6 1 0 3
tilted_haar_y3
5.221270e-03 0 -1
-2.579010e-01 5.194501e-01 
1
2
18 12 2 3 0 -1
18 13 2 1 0 3
haar_y3
3.253384e-03 0 -1
-5.447945e-02 6.049487e-01 
1
2
0 12 2 3 0 -1
0 13 2 1 0 3
haar_y3
3.309116e-05 0 -1
-4.024624e-01 3.781794e-01 
-1.018478e+00

8
-1
