11
1
2
0 0 4 2 0 -1
2 0 2 2 0 2
haar_x2
6.025557e-05 0 -1
-4.062037e-01 3.650239e-01 
1
2
17 0 2 2 0 -1
17 0 1 2 0 2
haar_x2
8.745224e-04 0 -1
1.387788e-01 -7.806419e-01 
1
2
1 0 2 2 0 -1
2 0 1 2 0 2
haar_x2
8.034871e-04 0 -1
1.991047e-01 -7.540950e-01 
1
2
9 3 3 6 0 -1
9 5 3 2 0 3
haar_y3
-6.615233e-03 0 -1
4.793427e-01 -3.066808e-01 
1
2
7 8 2 3 0 -1
7 9 2 1 0 3
haar_y3
-1.791828e-03 0 -1
6.223218e-01 -2.081137e-01 
1
2
14 0 3 1 0 -1
15 0 1 1 0 3
haar_x3
2.688179e-04 0 -1
8.674008e-02 -2.777028e-01 
1
2
0 16 1 4 0 -1
0 18 1 2 0 2
haar_y2
9.765690e-04 0 -1
1.930438e-01 -6.792139e-01 
1
2
9 13 5 3 0 -1
9 14 5 1 0 3
haar_y3
-6.067205e-03 0 -1
4.361340e-01 -1.214105e-01 
1
2
6 13 5 3 0 -1
6 14 5 1 0 3
haar_y3
1.015980e-03 0 -1
-3.672252e-01 4.591467e-01 
1
2
8 0 4 4 0 -1
8 1 4 2 0 2
haar_y4
-5.775820e-03 0 -1
6.773774e-01 -2.182708e-01 
1
2
1 12 18 5 0 -1
10 12 9 5 0 2
haar_x2
4.760160e-02 0 -1
-2.964732e-01 4.337306e-01 
-8.851298e-01

2
-1
