11
1
2
3 6 4 14 0 -1
3 13 4 7 0 2
haar_y2
-8.943516e-02 0 -1
8.464209e-01 -2.631519e-01 
1
2
19 0 1 2 0 -1
19 1 1 1 0 2
haar_y2
5.855945e-05 0 -1
-2.975196e-01 4.237379e-01 
1
2
0 0 18 20 0 -1
9 0 9 20 0 2
haar_x2
-3.069396e-01 0 -1
9.346113e-01 -2.489043e-01 
1
2
2 4 18 16 0 -1
2 4 9 16 0 2
haar_x2
-2.942280e-01 0 -1
9.290546e-01 -1.580452e-01 
1
2
3 18 3 2 0 -1
3 19 3 1 0 2
haar_y2
-7.738433e-05 0 -1
4.432667e-01 -5.016448e-01 
1
2
18 0 2 2 0 -1
18 0 1 2 0 2
haar_x2
-1.956496e-03 0 -1
-5.837535e-01 1.415918e-01 
1
2
1 0 2 2 0 -1
2 0 1 2 0 2
haar_x2
1.215762e-03 0 -1
2.677117e-01 -8.144839e-01 
1
2
16 0 4 3 0 -1
16 0 2 3 0 2
haar_x2
3.771804e-03 0 -1
5.969259e-02 -3.214327e-01 
1
2
6 10 4 4 0 -1
7 11 2 4 0 2
tilted_haar_x4
-8.584064e-03 0 -1
-7.225568e-01 2.763111e-01 
1
2
16 0 4 3 0 -1
16 0 2 3 0 2
haar_x2
-4.545126e-03 0 -1
-3.655141e-01 1.196431e-01 
1
2
0 1 4 2 0 -1
2 1 2 2 0 2
haar_x2
-2.403991e-03 0 -1
-6.663783e-01 2.907236e-01 
-8.320014e-01

6
-1
