7
1
2
5 14 8 5 0 -1
9 14 4 5 0 2
haar_x2
3.721695e-02 0 -1
-3.232104e-01 7.050325e-01 
1
2
6 6 8 9 0 -1
6 9 8 3 0 3
haar_y3
1.171479e-02 0 -1
-3.101531e-01 5.147020e-01 
1
2
0 0 1 2 0 -1
0 1 1 1 0 2
haar_y2
5.915097e-05 0 -1
-4.866456e-01 3.699408e-01 
1
2
16 0 3 2 0 -1
17 0 1 2 0 3
haar_x3
1.133589e-03 0 -1
1.385154e-01 -6.169440e-01 
1
3
3 5 4 4 0 -1
3 5 2 2 0 2
5 7 2 2 0 2
haar_x2_y2
-5.950661e-03 0 -1
6.907071e-01 -2.459266e-01 
1
2
4 19 12 1 0 -1
8 19 4 1 0 3
haar_x3
3.408872e-03 0 -1
-3.253500e-01 4.751016e-01 
1
2
2 0 4 2 0 -1
3 0 2 2 0 2
haar_x4
-7.478451e-04 0 -1
-6.601136e-01 2.970018e-01 
-5.558459e-01

0
-1
