11
1
2
0 1 1 2 0 -1
0 2 1 1 0 2
haar_y2
4.940022e-05 0 -1
-4.339259e-01 4.278614e-01 
1
3
12 6 2 2 0 -1
13 6 1 1 0 2
12 7 1 1 0 2
haar_x2_y2
-4.631852e-03 0 -1
1.000000e+00 -3.553746e-02 
1
2
7 11 2 4 0 -1
7 12 2 2 0 2
haar_y4
3.140872e-03 0 -1
-2.386446e-01 6.441543e-01 
1
3
12 6 2 2 0 -1
13 6 1 1 0 2
12 7 1 1 0 2
haar_x2_y2
7.921060e-04 0 -1
-8.089813e-02 3.905060e-01 
1
2
7 3 2 6 0 -1
7 5 2 2 0 3
haar_y3
-9.031355e-03 0 -1
6.842459e-01 -2.280477e-01 
1
2
19 3 1 16 0 -1
19 11 1 8 0 2
haar_y2
-5.681481e-02 0 -1
-1.000000e+00 3.616423e-02 
1
2
0 5 1 10 0 -1
0 10 1 5 0 2
haar_y2
4.690106e-04 0 -1
-4.459148e-01 3.797333e-01 
1
2
17 0 3 2 0 -1
18 0 1 2 0 3
haar_x3
2.619067e-04 0 -1
2.373772e-01 -4.430087e-01 
1
2
8 16 1 3 0 -1
8 17 1 1 0 3
haar_y3
4.301290e-04 0 -1
-2.556811e-01 4.796681e-01 
1
3
15 7 2 6 0 -1
16 7 1 3 0 2
15 10 1 3 0 2
haar_x2_y2
-1.828361e-03 0 -1
2.375392e-01 -1.329353e-01 
1
3
3 7 2 6 0 -1
3 7 1 3 0 2
4 10 1 3 0 2
haar_x2_y2
-6.569154e-04 0 -1
4.425872e-01 -2.898349e-01 
-5.708262e-01

3
-1
