9
1
2
0 2 20 18 0 -1
0 11 20 9 0 2
haar_y2
-2.470174e-01 0 -1
7.721924e-01 -2.534302e-01 
1
2
11 3 8 15 0 -1
13 3 4 15 0 2
haar_x4
-9.448028e-02 0 -1
-1.000000e+00 1.039589e-01 
1
2
1 3 8 15 0 -1
3 3 4 15 0 2
haar_x4
4.040102e-02 0 -1
2.031080e-01 -7.544718e-01 
1
2
7 8 6 11 0 -1
9 8 2 11 0 3
haar_x3
3.132995e-02 0 -1
1.944677e-01 -8.030966e-01 
1
2
0 4 18 16 0 -1
9 4 9 16 0 2
haar_x2
2.188259e-01 0 -1
-2.777010e-01 6.159994e-01 
1
2
8 2 12 17 0 -1
8 2 6 17 0 2
haar_x2
-1.849378e-01 0 -1
6.716413e-01 -1.669184e-01 
1
2
0 0 18 19 0 -1
9 0 9 19 0 2
haar_x2
-3.364662e-01 0 -1
8.736500e-01 -2.536801e-01 
1
2
16 1 4 2 0 -1
16 1 2 2 0 2
haar_x2
-2.988386e-05 0 -1
2.647547e-01 -1.666613e-01 
1
2
6 7 3 1 0 -1
7 7 1 1 0 3
haar_x3
1.856868e-04 0 -1
-3.277439e-01 4.478460e-01 
-1.008480e+00

7
-1
