9
1
2
0 0 3 2 0 -1
1 0 1 2 0 3
haar_x3
9.690198e-04 0 -1
2.278136e-01 -7.707935e-01 
1
2
18 0 1 2 0 -1
18 1 1 1 0 2
haar_y2
1.587973e-04 0 -1
-4.081554e-01 3.679872e-01 
1
2
1 1 2 3 0 -1
2 1 1 3 0 2
haar_x2
1.433879e-03 0 -1
1.774654e-01 -7.156466e-01 
1
3
6 6 10 14 0 -1
11 6 5 7 0 2
6 13 5 7 0 2
haar_x2_y2
-1.057040e-01 0 -1
5.317337e-01 -1.465152e-01 
1
2
5 6 12 2 0 -1
5 6 6 2 0 2
tilted_haar_x2
7.377774e-02 0 -1
1.333283e-01 -9.781048e-01 
1
2
19 6 1 4 0 -1
19 7 1 2 0 2
haar_y4
9.279118e-05 0 -1
-2.459589e-01 1.986817e-01 
1
2
2 18 15 2 0 -1
7 18 5 2 0 3
haar_x3
2.691491e-02 0 -1
-2.585137e-01 5.420219e-01 
1
2
16 1 2 2 0 -1
16 2 2 1 0 2
haar_y2
1.732433e-04 0 -1
-1.850206e-01 2.249743e-01 
1
2
4 0 12 2 0 -1
4 1 12 1 0 2
haar_y2
-1.012895e-02 0 -1
5.726327e-01 -2.156524e-01 
-6.281835e-01

10
-1
