10
1
2
0 16 2 4 0 -1
0 18 2 2 0 2
haar_y2
-2.726770e-03 0 -1
5.647669e-01 -4.192285e-01 
1
2
14 7 6 6 0 -1
14 7 3 6 0 2
haar_x2
-1.619214e-03 0 -1
1.611082e-01 -1.152188e-01 
1
2
0 7 6 6 0 -1
3 7 3 6 0 2
haar_x2
-1.301680e-02 0 -1
5.105820e-01 -3.989684e-01 
1
3
5 9 10 8 0 -1
10 9 5 4 0 2
5 13 5 4 0 2
haar_x2_y2
-3.138707e-02 0 -1
7.277870e-01 -2.940161e-01 
1
3
3 16 8 4 0 -1
3 16 4 2 0 2
7 18 4 2 0 2
haar_x2_y2
8.461686e-03 0 -1
-2.805852e-01 6.663657e-01 
1
2
19 0 1 2 0 -1
19 1 1 1 0 2
haar_y2
-3.875520e-04 0 -1
-5.906777e-01 2.060096e-01 
1
2
2 10 2 2 0 -1
2 10 2 1 0 2
tilted_haar_y2
-3.436542e-03 0 -1
6.945881e-01 -2.518486e-01 
1
2
13 5 3 6 0 -1
14 7 1 2 0 9
haar_point
2.990491e-03 0 -1
-1.715833e-01 2.620914e-01 
1
3
4 7 2 4 0 -1
4 7 1 2 0 2
5 9 1 2 0 2
haar_x2_y2
-2.756023e-03 0 -1
7.174263e-01 -2.452691e-01 
1
2
9 17 2 3 0 -1
9 17 1 3 0 2
haar_x2
1.197057e-03 0 -1
-2.482224e-01 6.380258e-01 
-8.990080e-01

-1
-1
