9
1
2
3 0 3 1 0 -1
4 0 1 1 0 3
haar_x3
5.366973e-04 0 -1
2.460023e-01 -7.595480e-01 
1
2
13 9 2 8 0 -1
13 13 2 4 0 2
haar_y2
-1.771410e-02 0 -1
4.167654e-01 -8.550181e-02 
1
2
5 9 2 8 0 -1
5 13 2 4 0 2
haar_y2
-2.454966e-02 0 -1
7.642755e-01 -2.358276e-01 
1
2
6 0 8 12 0 -1
6 3 8 6 0 2
haar_y4
-1.066984e-02 0 -1
4.051352e-01 -3.585997e-01 
1
2
1 0 3 1 0 -1
2 0 1 1 0 3
haar_x3
-2.438578e-04 0 -1
-6.371599e-01 2.903057e-01 
1
2
16 0 3 1 0 -1
17 0 1 1 0 3
haar_x3
-3.003023e-04 0 -1
-6.581394e-01 1.621849e-01 
1
2
1 0 3 1 0 -1
2 0 1 1 0 3
haar_x3
4.418197e-04 0 -1
2.752742e-01 -6.978955e-01 
1
3
12 0 8 16 0 -1
16 0 4 8 0 2
12 8 4 8 0 2
haar_x2_y2
4.451183e-02 0 -1
-2.152564e-01 4.773099e-01 
1
2
0 17 10 1 0 -1
5 17 5 1 0 2
haar_x2
-7.889473e-04 0 -1
3.599303e-01 -3.936745e-01 
-8.527148e-01

11
-1
