9
1
3
5 5 10 14 0 -1
5 5 5 7 0 2
10 12 5 7 0 2
haar_x2_y2
4.743911e-02 0 -1
-3.234870e-01 5.460542e-01 
1
2
19 3 1 2 0 -1
19 4 1 1 0 2
haar_y2
6.966927e-05 0 -1
-4.059180e-01 3.949639e-01 
1
2
0 3 1 2 0 -1
0 4 1 1 0 2
haar_y2
8.591128e-05 0 -1
-4.124374e-01 4.031587e-01 
1
3
4 6 14 14 0 -1
11 6 7 7 0 2
4 13 7 7 0 2
haar_x2_y2
9.057795e-02 0 -1
-1.478967e-01 4.818554e-01 
1
2
2 0 3 2 0 -1
3 0 1 2 0 3
haar_x3
4.909293e-04 0 -1
2.210173e-01 -5.812105e-01 
1
2
16 0 1 2 0 -1
16 1 1 1 0 2
haar_y2
1.785743e-04 0 -1
-2.412553e-01 3.343050e-01 
1
3
5 15 8 2 0 -1
5 15 4 1 0 2
9 16 4 1 0 2
haar_x2_y2
-4.618227e-03 0 -1
6.926245e-01 -2.245508e-01 
1
2
14 6 6 7 0 -1
16 6 2 7 0 3
haar_x3
-6.701365e-02 0 -1
-1.000000e+00 4.451864e-02 
1
2
0 6 6 7 0 -1
2 6 2 7 0 3
haar_x3
-1.876214e-02 0 -1
5.439430e-01 -2.768914e-01 
-9.526504e-01

1
-1
