6
1
2
1 0 4 2 0 -1
2 0 2 2 0 2
haar_x4
-1.049277e-03 0 -1
-7.603637e-01 3.699425e-01 
1
2
19 0 1 2 0 -1
19 1 1 1 0 2
haar_y2
9.075560e-04 0 -1
1.771567e-01 -6.876872e-01 
1
2
1 0 4 2 0 -1
2 0 2 2 0 2
haar_x4
8.943622e-04 0 -1
3.988580e-01 -7.175053e-01 
1
2
1 13 18 7 0 -1
1 13 9 7 0 2
haar_x2
-1.319252e-01 0 -1
8.750090e-01 -3.792928e-01 
1
2
0 3 12 16 0 -1
6 3 6 16 0 2
haar_x2
-1.713809e-01 0 -1
9.867553e-01 -2.744979e-01 
1
2
17 0 3 2 0 -1
18 0 1 2 0 3
haar_x3
-9.710583e-04 0 -1
-7.649118e-01 2.941400e-01 
-1.394901e+00

5
-1
